////////////////////////////////////////////////////////////////////////////
ACCURACY: 0.6020304568527919 

PRECISION: 0.47470817120622566 

RECALL: 0.47470817120622566 

F1_SCORE: 0.47470817120622566 

